1 1140
2 1670
3 400
4 980
5 820
6 750
7 980
8 1170
9 1070
10 1160
11 1190
12 1170
13 970
14 1180
15 790
16 1800
17 1420
18 1640
19 1410
20 1670
21 1790
22 1660
23 1020
24 1590
25 1440
26 1760
27 1370
28 1590
29 1350
30 2500
31 1130
32 1930
33 2480
34 2010
35 1810
36 2130
37 1800
38 1990
39 1890
40 1980
41 1830
42 2320
43 1750
44 1890
45 1920
46 1980
47 1240
48 1920
49 2500
50 2120
51 1800
52 1990
53 1750
54 2160
55 1410
56 2340
57 2290
58 2430
59 1560
60 1910
61 2420
62 2280
63 1140
64 2780
65 2150
66 2540
67 2580
68 3580
69 2730
70 2260
71 1670
72 2590
73 2700
74 3720
75 2440
76 2460
77 2250
78 3130
79 1810
80 2750
81 2120
82 2640
83 2580
84 2480
85 2080
86 2550
87 2040
88 2860
89 3230
90 2190
91 2210
92 2070
93 2080
94 2210
95 1030
96 2130
97 1870
98 1960
99 1560
100 2770
101 1780
102 2040
103 1400
104 3930
105 2240
106 2020
107 2260
108 2210
109 1870
110 2300
111 1450
112 2800
113 1840
114 1910
115 1560
116 2110
117 1760
118 2350
119 1500
120 2160
121 2310
122 2180
123 1610
124 2150
125 2550
126 2100
127 990
128 2540
129 2460
130 3060
131 2300
132 2280
133 2200
134 2360
135 1970
136 2400
137 2340
138 2350
139 2240
140 2610
141 2340
142 2590
143 1850
144 11260
145 2670
146 1540
147 1380
148 1340
149 1510
150 1370
151 1560
152 1290
153 1200
154 1240
155 1160
156 1420
157 1280
158 1300
159 980
160 1220
161 1190
162 1610
163 1310
164 1370
165 1270
166 1490
167 1180
168 1200
169 1300
170 1180
171 1340
172 1290
173 1250
174 1130
175 960
176 1080
177 1090
178 1080
179 1090
180 1080
181 1250
182 1300
183 1040
184 1100
185 1210
186 1090
187 1040
188 1070
189 1110
190 1270
191 870
192 1290
193 1110
194 1410
195 1220
196 1050
197 1070
198 1070
199 1210
200 1100
201 1290
202 1650
203 1060
204 1060
205 1150
206 1090
207 1120
208 1140
209 1100
210 1210
211 1020
212 1080
213 1220
214 1040
215 1620
216 1100
217 1200
218 1030
219 1000
220 1020
221 1060
222 1010
223 940
224 1010
225 990
226 1050
227 980
228 1020
229 1040
230 1160
231 970
232 1050
233 1180
234 1020
235 1130
236 1240
237 1050
238 1030
239 920
240 1000
241 1030
242 990
243 960
244 1010
245 1020
246 1000
247 970
248 1080
249 467990
250 3280
251 1330
252 860
253 830
254 950
255 530
256 1040
257 890
258 1120
259 950
260 1460
261 870
262 880
263 770
264 920
265 940
266 870
267 1420
268 1000
269 870
270 900
271 870
272 1020
273 850
274 1020
275 850
276 940
277 1020
278 900
279 850
280 910
281 910
282 900
283 880
284 930
285 860
286 1470
287 740
288 870
289 870
290 880
291 1280
292 890
293 850
294 1100
295 790
296 880
297 950
298 890
299 830
300 1050
301 870
302 900
303 720
304 860
305 860
306 870
307 830
308 870
309 870
310 880
311 770
312 900
313 880
314 890
315 840
316 910
317 850
318 1050
319 650
320 1010
321 840
322 1070
323 950
324 880
325 890
326 880
327 840
328 3670
329 1300
330 910
331 880
332 980
333 900
334 850
335 890
336 920
337 850
338 1000
339 830
340 950
341 950
342 850
343 780
344 850
345 830
346 880
347 810
348 840
349 870
350 900
351 750
352 910
353 860
354 850
355 820
356 860
357 880
358 1020
359 790
360 890
361 970
362 890
363 830
364 1830
365 770
366 790
367 760
368 790
369 790
370 840
371 740
372 810
373 760
374 770
375 700
376 1140
377 770
378 920
379 840
380 820
381 820
382 1040
383 650
384 1150
385 830
386 780
387 930
388 780
389 790
390 820
391 770
392 910
393 790
394 890
395 800
396 830
397 760
398 830
399 1070
400 880
401 800
402 940
403 950
404 820
405 1140
406 830
407 780
408 850
409 840
410 800
411 760
412 800
413 870
414 820
415 930
416 910
417 1010
418 800
419 750
420 780
421 740
422 920
423 760
424 810
425 890
426 770
427 730
428 990
429 780
430 810
431 730
432 800
433 770
434 790
435 770
436 810
437 770
438 760
439 710
440 940
441 780
442 820
443 770
444 780
445 730
446 890
447 750
448 1580
449 1040
450 780
451 900
452 780
453 800
454 910
455 710
456 780
457 790
458 780
459 730
460 780
461 770
462 750
463 830
464 770
465 760
466 940
467 750
468 780
469 940
470 830
471 740
472 780
473 750
474 790
475 760
476 780
477 750
478 820
479 660
480 780
481 790
482 780
483 920
484 780
485 730
486 900
487 740
488 820
489 900
490 780
491 740
492 970
493 1040
494 750
495 690
496 770
497 800
498 760
499 730
500 800
501 740
502 790
503 730
504 950
505 750
506 880
507 780
508 760
509 740
510 960
511 570
512 1050
513 2250
514 850
515 990
516 1020
517 850
518 850
519 780
520 840
521 900
522 830
523 840
524 830
525 1230
526 850
527 960
528 870
529 850
530 1020
531 820
532 850
533 1010
534 830
535 800
536 860
537 840
538 840
539 830
540 860
541 850
542 850
543 760
544 860
545 900
546 840
547 830
548 870
549 820
550 1020
551 790
552 850
553 950
554 870
555 850
556 1030
557 850
558 860
559 760
560 890
561 900
562 880
563 820
564 1210
565 850
566 820
567 790
568 1020
569 880
570 870
571 840
572 830
573 870
574 1010
575 740
576 970
577 830
578 850
579 960
580 850
581 830
582 890
583 790
584 870
585 840
586 850
587 810
588 840
589 830
590 860
591 890
592 840
593 930
594 1020
595 810
596 900
597 1020
598 980
599 810
600 880
601 1020
602 830
603 820
604 870
605 840
606 850
607 770
608 830
609 820
610 850
611 810
612 850
613 850
614 1000
615 800
616 850
617 990
618 840
619 860
620 1040
621 820
622 840
623 770
624 880
625 850
626 840
627 820
628 890
629 840
630 870
631 770
632 1040
633 840
634 830
635 910
636 840
637 830
638 1020
639 710
640 990
641 1420
642 870
643 1480
644 830
645 840
646 840
647 830
648 840
649 820
650 840
651 810
652 850
653 900
654 850
655 910
656 880
657 870
658 1050
659 870
660 860
661 1020
662 1030
663 880
664 870
665 950
666 900
667 830
668 900
669 1040
670 870
671 840
672 860
673 840
674 840
675 860
676 860
677 850
678 1050
679 840
680 870
681 1000
682 860
683 820
684 1020
685 870
686 930
687 810
688 870
689 860
690 860
691 820
692 850
693 850
694 860
695 780
696 1050
697 890
698 970
699 790
700 840
701 850
702 1000
703 690
704 960
705 830
706 830
707 1030
708 840
709 870
710 850
711 780
712 850
713 840
714 820
715 810
716 830
717 830
718 830
719 900
720 820
721 900
722 980
723 810
724 870
725 960
726 1000
727 770
728 840
729 830
730 2480
731 1000
732 850
733 800
734 870
735 730
736 790
737 800
738 860
739 780
740 830
741 790
742 920
743 780
744 850
745 1310
746 780
747 790
748 940
749 810
750 840
751 760
752 810
753 820
754 810
755 810
756 820
757 810
758 820
759 770
760 1000
761 800
762 820
763 830
764 830
765 830
766 1300
767 700
768 960
769 840
770 800
771 910
772 820
773 810
774 820
775 760
776 780
777 800
778 840
779 770
780 790
781 780
782 850
783 900
784 810
785 800
786 940
787 780
788 820
789 970
790 800
791 790
792 820
793 960
794 800
795 770
796 810
797 800
798 800
799 760
800 800
801 840
802 790
803 780
804 790
805 790
806 930
807 770
808 820
809 990
810 850
811 800
812 1050
813 800
814 810
815 730
816 790
817 830
818 820
819 790
820 800
821 810
822 810
823 760
824 1400
825 830
826 810
827 790
828 820
829 820
830 970
831 700
832 950
833 830
834 990
835 950
836 1010
837 850
838 870
839 830
840 1060
841 890
842 840
843 790
844 790
845 780
846 800
847 950
848 860
849 800
850 970
851 940
852 820
853 950
854 820
855 770
856 810
857 830
858 820
859 800
860 830
861 810
862 790
863 730
864 800
865 810
866 840
867 800
868 820
869 810
870 940
871 790
872 810
873 920
874 860
875 780
876 980
877 800
878 810
879 750
880 840
881 800
882 810
883 780
884 820
885 800
886 830
887 780
888 970
889 780
890 810
891 850
892 820
893 830
894 1070
895 670
896 940
897 830
898 790
899 900
900 780
901 790
902 800
903 790
904 810
905 790
906 810
907 800
908 920
909 800
910 810
911 880
912 790
913 780
914 970
915 780
916 810
917 990
918 810
919 770
920 820
921 820
922 790
923 790
924 830
925 770
926 820
927 740
928 780
929 800
930 800
931 760
932 800
933 790
934 950
935 800
936 810
937 930
938 930
939 1610
940 900
941 780
942 780
943 760
944 770
945 830
946 790
947 780
948 770
949 820
950 800
951 750
952 940
953 790
954 770
955 740
956 780
957 780
958 910
959 700
960 940
961 800
962 800
963 900
964 760
965 810
966 780
967 760
968 790
969 800
970 920
971 790
972 790
973 780
974 770
975 880
976 770
977 820
978 930
979 770
980 760
981 920
982 790
983 790
984 760
985 780
986 770
987 740
988 810
989 870
990 820
991 750
992 840
993 1000
994 890
995 800
996 830
997 1440
998 940
999 810
1000 800
